5 -7 94.3859
-1 -7 93.2458
5 -1 98.0494
-1 -1 96.1906
11 -7 96.2447
11 -1 97.9683
5 -13 93.1756
-1 -13 89.2473
11 -13 94.0779
-3 -7 91.6734
-3 -1 95.4504
-3 -13 86.778
5 1 98.0386
-1 1 97.1848
11 1 97.5145
-3 1 96.2501
9 -7 95.6611
9 -1 98.2277
9 -13 94.0995
9 1 97.5847
5 -11 93.8726
-1 -11 90.2956
11 -11 94.1698
-3 -11 89.2365
9 -11 94.1428
3 -7 94.1644
3 -1 97.6009
3 -13 91.6572
3 1 98.1142
3 -11 93.181
5 -5 95.6179
-1 -5 94.1374
11 -5 97.6063
-3 -5 93.2944
9 -5 97.0173
3 -5 94.9316
15 -7 97.6009
15 -1 97.5577
15 -13 94.1265
15 1 97.5145
15 -11 94.9695
15 -5 98.3574
5 -15 91.6572
-1 -15 86.886
11 -15 94.0779
-3 -15 50.0297
9 -15 93.8618
3 -15 90.2956
15 -15 93.9807
-5 -7 90.2577
-5 -1 94.521
-5 -13 50.0297
-5 1 95.1532
-5 -11 86.551
-5 -5 91.6302
-5 -15 50.0297
5 3 97.4982
-1 3 96.7472
11 3 97.4982
-3 3 94.6237
9 3 97.4982
3 3 97.5523
15 3 97.4982
-5 3 95.0775
7 -7 94.9695
7 -1 98.2493
7 -13 93.8672
7 1 97.7846
7 -11 94.0941
7 -5 96.2609
7 -15 93.1864
7 3 97.4982
5 -9 94.1374
-1 -9 91.6572
11 -9 94.9857
-3 -9 90.2848
9 -9 94.3913
3 -9 93.8726
15 -9 96.2176
-5 -9 89.2203
7 -9 94.1806
1 -7 93.8942
1 -1 96.9741
1 -13 90.301
1 1 97.8819
1 -11 91.6626
1 -5 94.4021
1 -15 89.2365
1 3 97.5631
1 -9 93.1972
5 -3 96.9741
-1 -3 94.9857
11 -3 98.3898
-3 -3 94.4237
9 -3 98.1683
3 -3 96.3149
15 -3 98.4763
-5 -3 93.3052
7 -3 97.6063
1 -3 95.5422
13 -7 96.9633
13 -1 97.7252
13 -13 94.0509
13 1 97.5145
13 -11 94.3967
13 -5 98.1466
13 -15 94.0833
13 3 97.4982
13 -9 95.6395
13 -3 98.5735
