47.62  -0.008374632507349853  -0.13293650793650794  -0.3988  0.1363  0.585786  -1.4116  -0.4191666666666667  0.02035714285714287  -834.4  -9.933333333333334  10.333333333333334  0.15476190476190477  0.14285714285714285  0.07142857142857142  13.978494623655914  12.903225806451614  6.451612903225807  -0.09970238095238096  -1.0806451612903225  4.0
48.28  -0.01014291632145816  -0.24482758620689657  -0.4897  0.0726  1.000000  -1.4116  -0.526896551724138  0.03724137931034485  -653.9  -7.516091954022988  17.0  0.14942528735632185  0.1724137931034483  0.06896551724137931  19.11764705882353  22.058823529411764  8.823529411764707  -0.1632183908045977  -1.2529411764705882  2.675
56.96  -0.00840063202247191  -0.15949367088607594  -0.4785  0.1539  0.585786  -1.4116  -0.5  0.021518987341772187  -748.3  -9.472151898734177  9.333333333333334  0.12658227848101267  0.189873417721519  0.0379746835443038  11.904761904761905  17.857142857142858  3.571428571428571  -0.11962025316455695  -1.3499999999999999  4.165
40.23  -0.012371364653243849  -0.16590038314176245  -0.4977  0.0636  0.585786  -1.4116  -0.5102298850574712  0.012528735632183947  -574.2  -6.6000000000000005  11.333333333333334  0.20689655172413793  0.12643678160919541  0.05747126436781609  17.64705882352941  10.784313725490195  4.901960784313725  -0.12442528735632183  -1.2735294117647058  2.025
42.17  -0.011629120227649987  -0.12259036144578314  -0.4904  0.1051  0.518806  -1.4116  -0.525421686746988  0.035060240963855384  -750.3  -9.039759036144577  7.75  0.1927710843373494  0.1566265060240964  0.024096385542168676  12.903225806451612  10.483870967741936  1.6129032258064515  -0.09807228915662651  -1.3129032258064517  3.355
50.00  -0.009642  -0.16071428571428573  -0.4821  0.0391  0.585786  -1.4116  -0.48845238095238097  0.006309523809523823  -803.5  -9.56547619047619  11.0  0.16666666666666666  0.16666666666666666  0.05952380952380952  14.14141414141414  14.14141414141414  5.050505050505051  -0.12053571428571429  -1.2272727272727273  1.365
53.57  -0.008799701325368676  -0.2357142857142857  -0.4714  0.1352  1.000000  -1.4116  -0.49488095238095237  0.02345238095238094  -794.1  -9.45357142857143  15.5  0.10714285714285714  0.17857142857142858  0.08333333333333333  14.516129032258064  24.193548387096776  11.290322580645162  -0.15714285714285714  -1.2774193548387098  3.67
36.62  -0.011537411250682687  -0.14084507042253522  -0.4225  0.0804  0.585786  -1.4116  -0.43464788732394366  0.01211267605633802  -638.4  -8.991549295774648  9.333333333333334  0.23943661971830985  0.11267605633802817  0.04225352112676056  20.238095238095237  9.523809523809524  3.571428571428571  -0.1056338028169014  -1.0714285714285714  2.045
34.12  -0.012288980070339978  -0.20941176470588235  -0.4193  0.0911  1.000000  -1.4116  -0.43870588235294117  0.019411764705882337  -642.9  -7.563529411764706  16.0  0.2235294117647059  0.09411764705882353  0.058823529411764705  29.6875  12.5  7.8125  -0.1396078431372549  -1.11375  2.9
41.82  -0.010435198469631755  -0.21818181818181817  -0.4364  0.0727  1.000000  -1.4116  -0.45327272727272727  0.016909090909090905  -687.7  -6.251818181818182  22.5  0.2  0.15454545454545454  0.05454545454545454  24.444444444444443  18.88888888888889  6.666666666666667  -0.14545454545454545  -1.0666666666666667  3.555
50.91  -0.008375564722058535  -0.10659090909090908  -0.4264  0.0738  0.381966  -1.4116  -0.4445454545454545  0.01818181818181818  -1031.4  -9.376363636363637  9.5  0.13636363636363635  0.19090909090909092  0.01818181818181818  9.868421052631579  13.81578947368421  1.3157894736842106  -0.08527272727272726  -1.2342105263157894  3.235
49.09  -0.0072418007740884085  -0.11848484848484848  -0.3555  0.1383  0.585786  -1.4116  -0.3781818181818182  0.022727272727272728  -1004.0  -9.127272727272727  12.666666666666666  0.12727272727272726  0.15454545454545454  0.06363636363636363  12.280701754385966  14.912280701754385  6.140350877192983  -0.08886363636363637  -1.0289473684210526  5.8
40.45  -0.011666254635352286  -0.15730337078651685  -0.4719  0.0841  0.585786  -1.4116  -0.488876404494382  0.01696629213483144  -861.2  -9.676404494382023  11.0  0.20224719101123595  0.12359550561797752  0.0449438202247191  18.181818181818183  11.111111111111112  4.040404040404041  -0.11797752808988764  -1.2727272727272727  2.745
36.78  -0.01253126699293094  -0.23045977011494254  -0.4609  0.0471  1.000000  -1.4116  -0.4780459770114943  0.017126436781609217  -760.3  -8.739080459770115  17.0  0.2413793103448276  0.11494252873563218  0.034482758620689655  30.88235294117647  14.705882352941176  4.411764705882353  -0.15363984674329503  -1.1794117647058824  1.645
44.44  -0.010276777677767777  -0.15222222222222223  -0.4567  0.0587  0.585786  -1.4116  -0.46655555555555556  0.009888888888888895  -723.8  -8.042222222222222  11.666666666666666  0.2111111111111111  0.14444444444444443  0.03333333333333333  18.095238095238095  12.380952380952381  2.857142857142857  -0.11416666666666667  -1.1742857142857144  2.11
39.09  -0.007533896137119467  -0.09818181818181819  -0.2945  0.1175  0.585786  -1.4116  -0.3157272727272727  0.02127272727272724  -843.8  -7.670909090909091  11.333333333333334  0.17272727272727273  0.10909090909090909  0.02727272727272727  18.627450980392158  11.764705882352942  2.9411764705882355  -0.07363636363636364  -0.9526470588235294  4.32
40.00  -0.0102275  -0.13636363636363638  -0.4091  0.0533  0.585786  -1.4116  -0.41381818181818186  0.004727272727272755  -813.8  -7.3981818181818175  13.666666666666666  0.19090909090909092  0.11818181818181818  0.06363636363636363  17.073170731707318  10.56910569105691  5.691056910569106  -0.10227272727272728  -1.0975609756097562  2.095
42.17  -0.008783495375859615  -0.09246987951807228  -0.3704  0.1137  0.381966  -1.4116  -0.39144578313253015  0.021084337349397634  -878.3  -10.581927710843374  6.5  0.12048192771084337  0.14457831325301204  0.04819277108433735  9.615384615384615  11.538461538461538  3.8461538461538463  -0.07397590361445783  -1.1823076923076923  3.29
36.73  -0.009085216444323443  -0.08341836734693878  -0.3337  0.0474  0.381966  -1.4116  -0.3447959183673469  0.011122448979591798  -647.1  -6.603061224489796  8.5  0.20408163265306123  0.11224489795918367  0.030612244897959183  14.705882352941176  8.088235294117647  2.2058823529411766  -0.06673469387755102  -0.9617647058823531  1.95
40.45  -0.010472187886279356  -0.21179775280898877  -0.4236  0.0872  1.000000  -1.4116  -0.4339325842696629  0.010337078651685332  -718.0  -8.067415730337078  16.5  0.1797752808988764  0.14606741573033707  0.0449438202247191  24.242424242424242  19.696969696969695  6.0606060606060606  -0.14119850187265917  -1.1424242424242426  2.985
37.04  -0.010264578833693304  -0.07604938271604939  -0.3802  0.1390  0.267949  -1.4116  -0.40506172839506177  0.024814814814814835  -645.2  -7.965432098765433  5.6  0.18518518518518517  0.13580246913580246  0.024691358024691357  10.714285714285714  7.857142857142857  1.4285714285714286  -0.06337448559670782  -1.1  4.505
42.86  -0.009526364909006066  -0.1361111111111111  -0.4083  0.0760  0.585786  -1.4116  -0.42142857142857143  0.013095238095238113  -612.0  -7.285714285714286  10.333333333333334  0.20238095238095238  0.14285714285714285  0.023809523809523808  18.279569892473116  12.903225806451614  2.150537634408602  -0.10208333333333333  -1.1064516129032258  2.495
42.50  -0.010470588235294117  -0.11125  -0.4450  0.1224  0.518806  -1.4116  -0.471  0.025999999999999978  -778.7  -9.73375  7.25  0.175  0.15  0.0375  12.068965517241379  10.344827586206897  2.586206896551724  -0.089  -1.2275862068965517  3.29
40.28  -0.00868917576961271  -0.175  -0.3500  0.1390  1.000000  -1.4116  -0.3733333333333333  0.02333333333333333  -795.4  -11.047222222222222  12.0  0.16666666666666666  0.125  0.041666666666666664  25.0  18.75  6.25  -0.11666666666666665  -1.05  3.08
45.95  -0.01011751904243743  -0.15495495495495495  -0.4649  0.1091  0.585786  -1.4116  -0.4886486486486486  0.023783783783783756  -472.0  -6.378378378378378  9.333333333333334  0.16216216216216217  0.14864864864864866  0.06756756756756757  14.285714285714285  13.095238095238095  5.9523809523809526  -0.11621621621621621  -1.2285714285714284  2.735
53.01  -0.01149971703452179  -0.2032128514056225  -0.6096  0.0391  1.000000  -1.4116  -0.6198795180722891  0.010240963855421704  -613.3  -7.389156626506024  11.333333333333334  0.14457831325301204  0.1927710843373494  0.07228915662650602  11.764705882352942  15.686274509803923  5.882352941176471  -0.15240963855421688  -1.488235294117647  1.245
